0 11 0.205314 0.466667 0.040258 0.072000
0 12 0.260064 0.466667 0.028180 0.056000
0 34 0.459742 0.466667 0.031401 0.093333
0 11 0.194042 0.461333 0.042673 0.077333
0 12 0.252818 0.466667 0.029791 0.056000
0 34 0.460548 0.464000 0.030596 0.093333
0 11 0.181965 0.461333 0.046699 0.077333
0 12 0.245572 0.464000 0.031401 0.056000
0 34 0.460548 0.464000 0.031401 0.093333
0 11 0.169082 0.458667 0.049114 0.080000
0 12 0.237520 0.461333 0.032206 0.058667
0 34 0.460548 0.461333 0.031401 0.096000
0 11 0.154589 0.453333 0.051530 0.085333
0 12 0.229469 0.458667 0.033816 0.061333
0 34 0.460548 0.458667 0.031401 0.096000
0 11 0.138486 0.450667 0.055556 0.090667
0 12 0.219807 0.456000 0.035427 0.064000
0 34 0.461353 0.458667 0.030596 0.096000
0 11 0.120773 0.448000 0.060386 0.096000
0 12 0.209340 0.456000 0.037037 0.066667
0 34 0.461353 0.458667 0.031401 0.098667
0 11 0.101449 0.450667 0.065217 0.098667
0 12 0.198873 0.458667 0.039452 0.066667
0 34 0.460548 0.461333 0.033011 0.096000
0 11 0.079710 0.453333 0.070853 0.106667
0 12 0.186795 0.461333 0.043478 0.072000
0 34 0.460548 0.464000 0.033011 0.098667
0 11 0.054750 0.453333 0.078100 0.112000
0 12 0.175523 0.464000 0.044283 0.074667
0 34 0.461353 0.469333 0.033011 0.096000
0 11 0.027375 0.456000 0.085346 0.122667
0 12 0.161031 0.469333 0.048309 0.077333
0 13 0.300322 0.472000 0.022544 0.042667
0 34 0.462158 0.472000 0.032206 0.096000
0 11 0.000000 0.453333 0.090177 0.133333
0 12 0.145733 0.469333 0.051530 0.080000
0 13 0.295491 0.472000 0.023349 0.045333
0 34 0.462158 0.472000 0.033011 0.098667
0 11 0.000000 0.461333 0.065217 0.136000
0 12 0.128824 0.472000 0.055556 0.082667
0 13 0.290660 0.474667 0.024155 0.045333
0 34 0.462158 0.472000 0.033011 0.098667
0 11 0.000000 0.469333 0.036232 0.120000
0 12 0.109501 0.469333 0.060386 0.090667
0 13 0.285829 0.472000 0.024960 0.045333
0 34 0.462963 0.472000 0.033011 0.098667
0 12 0.088567 0.466667 0.066023 0.096000
0 13 0.279388 0.469333 0.027375 0.048000
0 34 0.462963 0.469333 0.032206 0.098667
0 12 0.064412 0.464000 0.071659 0.101333
0 13 0.272947 0.466667 0.028180 0.050667
0 34 0.462158 0.466667 0.033816 0.101333
0 12 0.037037 0.464000 0.078905 0.104000
0 13 0.268116 0.466667 0.028180 0.050667
0 34 0.462158 0.466667 0.033816 0.098667
0 12 0.006441 0.461333 0.086957 0.112000
0 13 0.260064 0.464000 0.030596 0.053333
0 34 0.462158 0.464000 0.033816 0.101333
0 12 0.000000 0.464000 0.067633 0.122667
0 13 0.252818 0.466667 0.031401 0.050667
0 34 0.461353 0.464000 0.033816 0.101333
0 12 0.000000 0.472000 0.037842 0.109333
0 13 0.244767 0.464000 0.033011 0.053333
0 34 0.461353 0.464000 0.034622 0.101333
0 13 0.237520 0.472000 0.033816 0.053333
0 34 0.460548 0.466667 0.034622 0.104000
0 13 0.228663 0.469333 0.036232 0.058667
0 34 0.461353 0.466667 0.034622 0.104000
0 13 0.219807 0.469333 0.037037 0.058667
0 34 0.460548 0.464000 0.034622 0.104000
0 13 0.210145 0.464000 0.038647 0.061333
0 34 0.460548 0.458667 0.035427 0.106667
0 13 0.198873 0.464000 0.041868 0.064000
0 34 0.459742 0.458667 0.036232 0.106667
0 13 0.187601 0.466667 0.044283 0.064000
0 34 0.459742 0.458667 0.036232 0.106667
0 13 0.176329 0.469333 0.045894 0.066667
0 34 0.459742 0.458667 0.036232 0.109333
0 13 0.162641 0.466667 0.049919 0.072000
0 34 0.457327 0.458667 0.039452 0.109333
0 13 0.149758 0.469333 0.052335 0.074667
0 14 0.289855 0.464000 0.024155 0.040000
0 34 0.457327 0.458667 0.038647 0.112000
0 13 0.134461 0.466667 0.056361 0.077333
0 14 0.285829 0.461333 0.024155 0.040000
0 34 0.458937 0.456000 0.037037 0.112000
0 13 0.118357 0.464000 0.060386 0.082667
0 14 0.280998 0.458667 0.024960 0.042667
0 34 0.458937 0.456000 0.037037 0.109333
0 13 0.100644 0.461333 0.066023 0.085333
0 14 0.276973 0.458667 0.024960 0.040000
0 34 0.458937 0.450667 0.037842 0.112000
0 13 0.081320 0.464000 0.070853 0.088000
0 14 0.271337 0.456000 0.025765 0.045333
0 34 0.458937 0.450667 0.037037 0.114667
0 13 0.059581 0.469333 0.076490 0.090667
0 14 0.266506 0.461333 0.026570 0.042667
0 34 0.458937 0.456000 0.037037 0.114667
0 13 0.037842 0.472000 0.082126 0.096000
0 14 0.261675 0.461333 0.027375 0.048000
0 34 0.458937 0.456000 0.037037 0.114667
0 13 0.012882 0.469333 0.089372 0.106667
0 14 0.256039 0.464000 0.028180 0.048000
0 34 0.458132 0.458667 0.038647 0.114667
0 13 0.000000 0.472000 0.082931 0.112000
0 14 0.251208 0.464000 0.028986 0.048000
0 34 0.458132 0.456000 0.038647 0.117333
0 13 0.000000 0.472000 0.061997 0.120000
0 14 0.244767 0.458667 0.030596 0.050667
0 34 0.458937 0.453333 0.037842 0.117333
0 13 0.000000 0.474667 0.037842 0.106667
0 14 0.238325 0.461333 0.032206 0.050667
0 34 0.458937 0.453333 0.037842 0.117333
0 14 0.233494 0.461333 0.032206 0.053333
0 34 0.458937 0.456000 0.038647 0.117333
0 14 0.225443 0.461333 0.034622 0.053333
0 34 0.459742 0.456000 0.038647 0.120000
0 14 0.219807 0.466667 0.035427 0.053333
0 34 0.459742 0.458667 0.037842 0.120000
0 14 0.212560 0.469333 0.037842 0.053333
0 34 0.459742 0.458667 0.038647 0.122667
0 14 0.206119 0.472000 0.037037 0.053333
0 34 0.459742 0.458667 0.038647 0.122667
0 14 0.195652 0.472000 0.041063 0.053333
0 1 0.227053 0.461333 0.029791 0.061333
0 34 0.459742 0.458667 0.039452 0.122667
0 14 0.190821 0.474667 0.040258 0.056000
0 1 0.221417 0.461333 0.030596 0.064000
0 34 0.460548 0.461333 0.038647 0.122667
0 14 0.178744 0.477333 0.045089 0.058667
0 1 0.213366 0.464000 0.032206 0.066667
0 34 0.460548 0.464000 0.040258 0.122667
0 14 0.169887 0.482667 0.046699 0.058667
0 1 0.204509 0.469333 0.036232 0.066667
0 34 0.460548 0.466667 0.040258 0.122667
0 14 0.159420 0.482667 0.049114 0.061333
0 1 0.195652 0.469333 0.037037 0.072000
0 34 0.460548 0.466667 0.041063 0.125333
0 14 0.148148 0.482667 0.052335 0.061333
0 1 0.187601 0.466667 0.038647 0.072000
0 34 0.460548 0.461333 0.041063 0.128000
0 14 0.136071 0.480000 0.054750 0.064000
0 1 0.175523 0.461333 0.044283 0.077333
0 34 0.461353 0.461333 0.041868 0.128000
0 14 0.123188 0.482667 0.057971 0.066667
0 1 0.166667 0.464000 0.045894 0.074667
0 34 0.461353 0.461333 0.042673 0.128000
0 14 0.108696 0.482667 0.058776 0.069333
0 1 0.155395 0.464000 0.049919 0.080000
0 34 0.462158 0.461333 0.041868 0.130667
0 14 0.094203 0.480000 0.061997 0.074667
0 1 0.154589 0.464000 0.042673 0.085333
0 3 0.300322 0.464000 0.018519 0.040000
0 34 0.462158 0.461333 0.041868 0.130667
0 14 0.078905 0.480000 0.070048 0.080000
0 1 0.136071 0.464000 0.053140 0.088000
0 3 0.296296 0.464000 0.019324 0.042667
0 34 0.462158 0.461333 0.043478 0.133333
0 14 0.060386 0.482667 0.074879 0.080000
0 1 0.123994 0.464000 0.055556 0.090667
0 3 0.292271 0.464000 0.020934 0.042667
0 5 0.309984 0.461333 0.016908 0.040000
0 34 0.462963 0.461333 0.044283 0.133333
0 14 0.044283 0.480000 0.078905 0.090667
0 1 0.107890 0.464000 0.061192 0.093333
0 3 0.288245 0.461333 0.023349 0.045333
0 5 0.307568 0.458667 0.017713 0.040000
0 34 0.462963 0.458667 0.043478 0.133333
0 14 0.033011 0.482667 0.076490 0.090667
0 1 0.091787 0.464000 0.066828 0.096000
0 3 0.285024 0.461333 0.023349 0.045333
0 5 0.305153 0.458667 0.016908 0.040000
0 34 0.462963 0.458667 0.043478 0.133333
0 14 0.001610 0.482667 0.092593 0.098667
0 1 0.074879 0.464000 0.072464 0.101333
0 3 0.280998 0.461333 0.024960 0.048000
0 5 0.302738 0.461333 0.016908 0.040000
0 34 0.463768 0.458667 0.043478 0.136000
0 14 0.000000 0.480000 0.078905 0.104000
0 1 0.057971 0.464000 0.078100 0.104000
0 3 0.277778 0.458667 0.024960 0.050667
0 5 0.299517 0.458667 0.018519 0.042667
0 34 0.463768 0.458667 0.044283 0.133333
0 14 0.000000 0.488000 0.061997 0.104000
0 1 0.040258 0.461333 0.082931 0.112000
0 3 0.274557 0.458667 0.024960 0.048000
0 5 0.296296 0.456000 0.019324 0.042667
0 34 0.464573 0.453333 0.043478 0.138667
0 14 0.000000 0.496000 0.041868 0.085333
0 1 0.020129 0.458667 0.090982 0.117333
0 3 0.270531 0.456000 0.026570 0.050667
0 5 0.293881 0.456000 0.019324 0.042667
0 34 0.465378 0.453333 0.043478 0.138667
0 14 0.000000 0.525333 0.020934 0.061333
0 1 0.002415 0.456000 0.093398 0.120000
0 3 0.266506 0.456000 0.027375 0.050667
0 5 0.289855 0.453333 0.020934 0.045333
0 34 0.464573 0.453333 0.045089 0.138667
0 1 0.000000 0.456000 0.080515 0.128000
0 3 0.262480 0.456000 0.028180 0.053333
0 5 0.287440 0.453333 0.020934 0.045333
0 34 0.465378 0.453333 0.045089 0.138667
0 1 0.000000 0.458667 0.065217 0.133333
0 3 0.258454 0.458667 0.028986 0.053333
0 5 0.284219 0.456000 0.022544 0.048000
0 34 0.465378 0.456000 0.045089 0.141333
0 1 0.000000 0.464000 0.047504 0.120000
0 3 0.254428 0.458667 0.029791 0.056000
0 5 0.280998 0.458667 0.023349 0.048000
0 34 0.466184 0.458667 0.045089 0.141333
0 1 0.000000 0.464000 0.028986 0.125333
0 3 0.250403 0.461333 0.029791 0.053333
0 5 0.277778 0.458667 0.023349 0.048000
0 34 0.466184 0.458667 0.045089 0.141333
0 3 0.246377 0.461333 0.029791 0.056000
0 5 0.274557 0.458667 0.022544 0.048000
0 34 0.466184 0.458667 0.045089 0.141333
0 3 0.240741 0.458667 0.031401 0.056000
0 5 0.271337 0.456000 0.021739 0.048000
0 4 0.294686 0.464000 0.016103 0.037333
0 34 0.466989 0.458667 0.045089 0.141333
0 3 0.236715 0.461333 0.032206 0.056000
0 5 0.268116 0.456000 0.021739 0.053333
0 4 0.287440 0.461333 0.022544 0.040000
0 34 0.466989 0.458667 0.045089 0.141333
0 3 0.231079 0.461333 0.033816 0.058667
0 5 0.264090 0.456000 0.021739 0.053333
0 4 0.288245 0.464000 0.020129 0.040000
0 34 0.467794 0.458667 0.045089 0.141333
0 43 0.000000 0.445333 0.033816 0.096000
0 3 0.226248 0.458667 0.035427 0.061333
0 5 0.260064 0.456000 0.027375 0.050667
0 4 0.283414 0.461333 0.023349 0.042667
0 34 0.467794 0.458667 0.045894 0.141333
0 44 0.000000 0.445333 0.017713 0.090667
0 3 0.221417 0.458667 0.036232 0.061333
0 5 0.256039 0.456000 0.027375 0.056000
0 4 0.280193 0.461333 0.023349 0.042667
0 34 0.468599 0.458667 0.045089 0.141333
0 3 0.215781 0.461333 0.037842 0.061333
0 5 0.255233 0.456000 0.024960 0.053333
0 4 0.278583 0.461333 0.023349 0.045333
0 34 0.466184 0.458667 0.047504 0.144000
0 3 0.210145 0.464000 0.038647 0.061333
0 5 0.247182 0.456000 0.028986 0.053333
0 4 0.277778 0.461333 0.021739 0.045333
0 34 0.466184 0.458667 0.047504 0.144000
0 3 0.204509 0.458667 0.039452 0.066667
0 5 0.242351 0.453333 0.028986 0.056000
0 4 0.273752 0.461333 0.022544 0.045333
0 34 0.467794 0.458667 0.046699 0.144000
0 3 0.199678 0.461333 0.040258 0.066667
0 5 0.239130 0.453333 0.028180 0.056000
0 4 0.268921 0.461333 0.024960 0.048000
0 34 0.469404 0.458667 0.045089 0.141333
0 3 0.192432 0.461333 0.042673 0.066667
0 5 0.234300 0.456000 0.033011 0.058667
0 4 0.265700 0.461333 0.025765 0.048000
0 34 0.467794 0.458667 0.046699 0.141333
0 3 0.186795 0.464000 0.044283 0.069333
0 5 0.229469 0.456000 0.034622 0.061333
0 4 0.262480 0.461333 0.026570 0.050667
0 34 0.469404 0.461333 0.045894 0.141333
0 3 0.179549 0.464000 0.045894 0.072000
0 5 0.224638 0.456000 0.035427 0.064000
0 4 0.258454 0.461333 0.027375 0.053333
0 34 0.470209 0.461333 0.044283 0.144000
0 3 0.171498 0.466667 0.048309 0.072000
0 5 0.219002 0.458667 0.037037 0.064000
0 4 0.255233 0.464000 0.027375 0.050667
0 34 0.470209 0.461333 0.045089 0.144000
0 3 0.163446 0.466667 0.050725 0.072000
0 5 0.212560 0.458667 0.039452 0.066667
0 4 0.249597 0.461333 0.029791 0.053333
0 34 0.470209 0.461333 0.045089 0.141333
0 3 0.155395 0.464000 0.053140 0.077333
0 5 0.207729 0.458667 0.039452 0.064000
0 4 0.247182 0.461333 0.028986 0.056000
0 34 0.469404 0.461333 0.045894 0.141333
0 3 0.147343 0.466667 0.055556 0.077333
0 5 0.201288 0.456000 0.041868 0.069333
0 4 0.243156 0.461333 0.030596 0.056000
0 34 0.469404 0.461333 0.045894 0.141333
0 3 0.137681 0.466667 0.058776 0.077333
0 5 0.194042 0.456000 0.044283 0.069333
0 4 0.238325 0.461333 0.029791 0.056000
0 34 0.469404 0.461333 0.045894 0.141333
0 3 0.128824 0.464000 0.061192 0.082667
0 5 0.188406 0.456000 0.045089 0.072000
0 4 0.232689 0.464000 0.033011 0.053333
0 34 0.469404 0.461333 0.045089 0.141333
0 3 0.118357 0.464000 0.062802 0.082667
0 5 0.185990 0.453333 0.042673 0.074667
0 4 0.228663 0.464000 0.033011 0.053333
0 34 0.469404 0.458667 0.045089 0.141333
0 3 0.107085 0.464000 0.065217 0.085333
0 5 0.177134 0.453333 0.041063 0.077333
0 4 0.223027 0.458667 0.034622 0.061333
0 34 0.469404 0.456000 0.045089 0.144000
0 3 0.096618 0.464000 0.065217 0.088000
0 5 0.168277 0.450667 0.049114 0.074667
0 4 0.218196 0.461333 0.035427 0.058667
0 34 0.469404 0.456000 0.045089 0.144000
0 3 0.085346 0.466667 0.064412 0.088000
0 5 0.159420 0.453333 0.053140 0.080000
0 4 0.214171 0.461333 0.035427 0.061333
0 34 0.469404 0.456000 0.045089 0.144000
0 3 0.072464 0.464000 0.066023 0.093333
0 5 0.152174 0.453333 0.054750 0.082667
0 4 0.206924 0.458667 0.037842 0.064000
0 34 0.469404 0.456000 0.045089 0.144000
0 3 0.058776 0.461333 0.078905 0.098667
0 5 0.143317 0.453333 0.057971 0.082667
0 4 0.202899 0.458667 0.037037 0.064000
0 34 0.468599 0.453333 0.045894 0.146667
0 3 0.046699 0.464000 0.078905 0.098667
0 5 0.134461 0.453333 0.059581 0.085333
0 4 0.196457 0.456000 0.037842 0.066667
0 34 0.468599 0.453333 0.045894 0.146667
0 3 0.029791 0.464000 0.085346 0.104000
0 5 0.123994 0.456000 0.063607 0.085333
0 4 0.188406 0.458667 0.041063 0.066667
0 34 0.467794 0.456000 0.045894 0.146667
0 3 0.013688 0.466667 0.090177 0.104000
0 5 0.118357 0.456000 0.061997 0.090667
0 4 0.181159 0.461333 0.042673 0.069333
0 34 0.466989 0.456000 0.045894 0.146667
0 3 0.000805 0.464000 0.091787 0.109333
0 5 0.105475 0.456000 0.065217 0.093333
0 4 0.173913 0.461333 0.044283 0.069333
0 34 0.466184 0.456000 0.046699 0.146667
0 3 0.000000 0.464000 0.079710 0.120000
0 5 0.092593 0.456000 0.070048 0.096000
0 4 0.166667 0.461333 0.045894 0.072000
0 34 0.465378 0.456000 0.048309 0.149333
0 3 0.000000 0.464000 0.066023 0.125333
0 5 0.080515 0.456000 0.073269 0.098667
0 4 0.157810 0.461333 0.049114 0.074667
0 34 0.464573 0.456000 0.047504 0.146667
0 3 0.000000 0.469333 0.049919 0.112000
0 5 0.069243 0.458667 0.075684 0.101333
0 4 0.151369 0.464000 0.049114 0.074667
0 34 0.463768 0.453333 0.048309 0.152000
0 3 0.000000 0.472000 0.037037 0.114667
0 5 0.057166 0.458667 0.078905 0.104000
0 4 0.142512 0.464000 0.051530 0.074667
0 34 0.461353 0.453333 0.049919 0.149333
0 5 0.043478 0.461333 0.084541 0.106667
0 4 0.133655 0.466667 0.053140 0.074667
0 34 0.462963 0.453333 0.048309 0.152000
0 5 0.030596 0.461333 0.086957 0.112000
0 4 0.125604 0.469333 0.053945 0.077333
0 6 0.144122 0.442667 0.044283 0.061333
0 34 0.462158 0.458667 0.048309 0.149333
0 5 0.016103 0.464000 0.090982 0.114667
0 4 0.117552 0.472000 0.055556 0.080000
0 6 0.136876 0.448000 0.045089 0.064000
0 34 0.461353 0.458667 0.047504 0.154667
0 5 0.000805 0.469333 0.095813 0.120000
0 4 0.107890 0.474667 0.057166 0.082667
0 6 0.129630 0.450667 0.047504 0.064000
0 34 0.460548 0.461333 0.048309 0.154667
0 5 0.000000 0.469333 0.084541 0.125333
0 4 0.098229 0.474667 0.059581 0.088000
0 6 0.119163 0.453333 0.051530 0.064000
0 34 0.459742 0.464000 0.049114 0.154667
0 5 0.000000 0.469333 0.072464 0.128000
0 4 0.087762 0.474667 0.061997 0.088000
0 6 0.106280 0.450667 0.057166 0.066667
0 34 0.459742 0.461333 0.048309 0.154667
0 5 0.000000 0.466667 0.060386 0.130667
0 4 0.076490 0.472000 0.065217 0.090667
0 6 0.100644 0.448000 0.057166 0.066667
0 34 0.458132 0.458667 0.049919 0.157333
0 40 0.199678 0.450667 0.005636 0.058667
0 5 0.000000 0.466667 0.046699 0.117333
0 4 0.066023 0.469333 0.066828 0.093333
0 6 0.092593 0.445333 0.057971 0.066667
0 34 0.456522 0.458667 0.051530 0.157333
0 40 0.190016 0.448000 0.011272 0.058667
0 5 0.000000 0.477333 0.033011 0.109333
0 4 0.054750 0.469333 0.069243 0.096000
0 6 0.083736 0.445333 0.060386 0.069333
0 34 0.456522 0.458667 0.049919 0.157333
0 40 0.177134 0.448000 0.025765 0.058667
0 4 0.041063 0.472000 0.073269 0.098667
0 6 0.071659 0.445333 0.066828 0.069333
0 34 0.454106 0.461333 0.050725 0.157333
0 40 0.168277 0.448000 0.017713 0.056000
0 4 0.024960 0.469333 0.078100 0.101333
0 6 0.058776 0.442667 0.070048 0.072000
0 34 0.453301 0.464000 0.050725 0.154667
0 40 0.162641 0.448000 0.033816 0.058667
0 4 0.013688 0.469333 0.079710 0.104000
0 6 0.047504 0.442667 0.073269 0.074667
0 34 0.452496 0.461333 0.050725 0.160000
0 40 0.157810 0.448000 0.020934 0.058667
0 4 0.000000 0.469333 0.082126 0.106667
0 6 0.039452 0.442667 0.072464 0.074667
0 34 0.450081 0.458667 0.052335 0.160000
0 40 0.151369 0.442667 0.020934 0.064000
0 4 0.000000 0.469333 0.071659 0.112000
0 6 0.028180 0.442667 0.066023 0.074667
0 34 0.448470 0.461333 0.052335 0.160000
0 40 0.144928 0.445333 0.021739 0.061333
0 4 0.000000 0.469333 0.057971 0.112000
0 6 0.012882 0.437333 0.081320 0.080000
0 34 0.446860 0.464000 0.051530 0.157333
0 40 0.137681 0.442667 0.028180 0.064000
0 4 0.000000 0.472000 0.047504 0.104000
0 6 0.009662 0.440000 0.075684 0.082667
0 34 0.445250 0.464000 0.052335 0.157333
0 40 0.131240 0.442667 0.023349 0.066667
0 4 0.000000 0.474667 0.034622 0.104000
0 6 0.000000 0.440000 0.070853 0.085333
0 34 0.444444 0.464000 0.052335 0.157333
0 40 0.124799 0.445333 0.024155 0.066667
0 6 0.000000 0.442667 0.073269 0.085333
0 34 0.442834 0.464000 0.053140 0.157333
0 40 0.118357 0.445333 0.024960 0.066667
0 6 0.000000 0.440000 0.063607 0.093333
0 34 0.442029 0.461333 0.053140 0.162667
0 40 0.111916 0.445333 0.025765 0.069333
0 6 0.000000 0.442667 0.056361 0.090667
0 34 0.441224 0.464000 0.053140 0.157333
0 40 0.105475 0.448000 0.025765 0.069333
0 6 0.000000 0.440000 0.046699 0.088000
0 34 0.441224 0.461333 0.053140 0.160000
0 40 0.099839 0.448000 0.025765 0.069333
0 34 0.441224 0.461333 0.053140 0.160000
0 40 0.095008 0.448000 0.027375 0.069333
0 34 0.442029 0.461333 0.053140 0.160000
0 40 0.090982 0.448000 0.026570 0.069333
0 34 0.443639 0.461333 0.052335 0.157333
0 40 0.085346 0.445333 0.029791 0.072000
0 34 0.444444 0.461333 0.053140 0.160000
0 40 0.080515 0.448000 0.039452 0.072000
0 34 0.445250 0.461333 0.053140 0.160000
0 40 0.075684 0.448000 0.029791 0.074667
0 34 0.445250 0.464000 0.053945 0.160000
0 40 0.070048 0.450667 0.040258 0.074667
0 34 0.446055 0.466667 0.053945 0.160000
0 40 0.063607 0.453333 0.030596 0.077333
0 34 0.445250 0.466667 0.053945 0.160000
0 40 0.055556 0.456000 0.042673 0.077333
0 34 0.446055 0.469333 0.053945 0.160000
0 40 0.048309 0.458667 0.043478 0.077333
0 34 0.446055 0.469333 0.053945 0.160000
0 40 0.040258 0.458667 0.045089 0.080000
0 34 0.446055 0.469333 0.053945 0.160000
0 40 0.032206 0.458667 0.053945 0.080000
0 34 0.446055 0.469333 0.053945 0.160000
0 40 0.021739 0.458667 0.057166 0.080000
0 34 0.445250 0.469333 0.054750 0.160000
0 40 0.012882 0.456000 0.058776 0.082667
0 34 0.445250 0.469333 0.053945 0.160000
0 40 0.004026 0.456000 0.061997 0.088000
0 34 0.445250 0.469333 0.053945 0.162667
0 40 0.000000 0.453333 0.056361 0.090667
0 34 0.445250 0.472000 0.053140 0.157333
0 40 0.000000 0.461333 0.049114 0.088000
0 34 0.444444 0.469333 0.053140 0.160000
0 40 0.000000 0.456000 0.041063 0.096000
0 34 0.443639 0.469333 0.053945 0.160000
0 40 0.000000 0.453333 0.031401 0.072000
0 34 0.442029 0.469333 0.055556 0.157333
0 40 0.000000 0.453333 0.022544 0.072000
0 34 0.442834 0.472000 0.053945 0.157333
0 34 0.442029 0.472000 0.053945 0.160000
0 41 0.256039 0.477333 0.025765 0.045333
0 34 0.441224 0.472000 0.053945 0.157333
0 41 0.252013 0.477333 0.028180 0.045333
0 34 0.441224 0.472000 0.053140 0.157333
0 41 0.248792 0.474667 0.028986 0.048000
0 34 0.439614 0.469333 0.054750 0.160000
0 41 0.245572 0.474667 0.029791 0.048000
0 34 0.439614 0.469333 0.053945 0.157333
0 41 0.241546 0.474667 0.029791 0.045333
0 34 0.439614 0.469333 0.053945 0.157333
0 41 0.239130 0.474667 0.030596 0.048000
0 34 0.438808 0.469333 0.053945 0.157333
0 41 0.236715 0.474667 0.029791 0.048000
0 98 0.669887 0.501333 0.016103 0.040000
0 34 0.438003 0.469333 0.054750 0.157333
0 41 0.233494 0.477333 0.032206 0.045333
0 98 0.673108 0.501333 0.017713 0.040000
0 34 0.437198 0.472000 0.054750 0.154667
0 41 0.231079 0.477333 0.032206 0.045333
0 98 0.676329 0.506667 0.019324 0.034667
0 34 0.438003 0.469333 0.053140 0.157333
0 41 0.227858 0.474667 0.031401 0.050667
0 98 0.680354 0.504000 0.021739 0.042667
0 34 0.438808 0.469333 0.052335 0.154667
0 41 0.225443 0.474667 0.036232 0.053333
0 98 0.683575 0.506667 0.023349 0.037333
0 34 0.438808 0.472000 0.052335 0.154667
0 41 0.223027 0.477333 0.041868 0.050667
0 98 0.687601 0.506667 0.026570 0.042667
0 34 0.438808 0.472000 0.053140 0.152000
0 41 0.219807 0.477333 0.038647 0.053333
0 98 0.691626 0.504000 0.028986 0.045333
0 34 0.440419 0.472000 0.051530 0.154667
0 41 0.217391 0.477333 0.040258 0.050667
0 98 0.696457 0.504000 0.031401 0.048000
0 34 0.441224 0.472000 0.051530 0.154667
0 41 0.214976 0.477333 0.025765 0.053333
0 98 0.701288 0.506667 0.033816 0.045333
0 34 0.442029 0.474667 0.051530 0.152000
0 41 0.213366 0.477333 0.036232 0.056000
0 98 0.705314 0.506667 0.037037 0.045333
0 34 0.442834 0.474667 0.050725 0.149333
0 41 0.210950 0.477333 0.036232 0.056000
0 98 0.710145 0.506667 0.041063 0.048000
0 34 0.443639 0.472000 0.050725 0.149333
0 41 0.208535 0.477333 0.036232 0.056000
0 98 0.714976 0.506667 0.045894 0.050667
0 34 0.444444 0.474667 0.049919 0.146667
0 41 0.205314 0.477333 0.037842 0.058667
0 98 0.719002 0.509333 0.049114 0.058667
0 34 0.445250 0.474667 0.049114 0.146667
0 41 0.198873 0.477333 0.041063 0.061333
0 98 0.723833 0.509333 0.053945 0.061333
0 34 0.446055 0.474667 0.049114 0.146667
0 41 0.196457 0.477333 0.041063 0.061333
0 98 0.729469 0.512000 0.056361 0.058667
0 34 0.446055 0.477333 0.048309 0.144000
0 41 0.192432 0.477333 0.042673 0.064000
0 98 0.734300 0.514667 0.058776 0.056000
0 34 0.446860 0.477333 0.047504 0.141333
0 41 0.188406 0.480000 0.044283 0.064000
0 98 0.739936 0.517333 0.059581 0.058667
0 34 0.447665 0.480000 0.047504 0.141333
0 41 0.183575 0.482667 0.043478 0.064000
0 21 0.433977 0.482667 0.013688 0.040000
0 98 0.745572 0.520000 0.060386 0.058667
0 34 0.448470 0.480000 0.046699 0.141333
0 41 0.177939 0.485333 0.044283 0.064000
0 21 0.433977 0.482667 0.013688 0.042667
0 98 0.752818 0.520000 0.060386 0.061333
0 34 0.449275 0.482667 0.045089 0.136000
0 21 0.433172 0.482667 0.014493 0.045333
0 98 0.758454 0.517333 0.063607 0.069333
0 34 0.450081 0.480000 0.045894 0.138667
0 42 0.823671 0.522667 0.022544 0.058667
0 21 0.432367 0.482667 0.016103 0.048000
0 98 0.768116 0.522667 0.061997 0.064000
0 34 0.450081 0.482667 0.045894 0.136000
0 42 0.830918 0.525333 0.030596 0.058667
0 21 0.431562 0.485333 0.016103 0.048000
0 98 0.776167 0.522667 0.063607 0.069333
0 34 0.450886 0.482667 0.045089 0.136000
0 42 0.838969 0.525333 0.036232 0.069333
0 21 0.429952 0.485333 0.017713 0.050667
0 9 0.202093 0.477333 0.036232 0.074667
0 7 0.236715 0.488000 0.028986 0.056000
0 98 0.780998 0.522667 0.067633 0.072000
0 25 0.265700 0.490667 0.015298 0.048000
0 23 0.445250 0.488000 0.012077 0.034667
0 34 0.450886 0.482667 0.045894 0.136000
0 41 0.147343 0.490667 0.049919 0.072000
0 42 0.847826 0.525333 0.045894 0.069333
0 21 0.429147 0.485333 0.017713 0.050667
0 9 0.210950 0.480000 0.023349 0.072000
0 7 0.232689 0.485333 0.029791 0.058667
0 98 0.792271 0.525333 0.065217 0.072000
0 25 0.261675 0.490667 0.027375 0.048000
0 23 0.444444 0.485333 0.012882 0.034667
0 34 0.451691 0.480000 0.045894 0.136000
0 41 0.140097 0.490667 0.049919 0.069333
0 42 0.857488 0.528000 0.052335 0.072000
0 21 0.427536 0.482667 0.018519 0.056000
0 9 0.202899 0.477333 0.027375 0.074667
0 7 0.227858 0.482667 0.032206 0.061333
0 98 0.806763 0.525333 0.061192 0.074667
0 25 0.259259 0.488000 0.027375 0.048000
0 23 0.443639 0.482667 0.014493 0.037333
0 34 0.452496 0.480000 0.045894 0.133333
0 41 0.142512 0.488000 0.040258 0.077333
0 42 0.867955 0.530667 0.058776 0.072000
0 21 0.425926 0.482667 0.020129 0.056000
0 9 0.194847 0.477333 0.030596 0.074667
0 7 0.223833 0.482667 0.031401 0.061333
0 98 0.817230 0.525333 0.061192 0.077333
0 25 0.260870 0.485333 0.024155 0.050667
0 23 0.442834 0.482667 0.014493 0.037333
0 34 0.453301 0.477333 0.045089 0.133333
0 41 0.125604 0.485333 0.051530 0.074667
0 42 0.879227 0.530667 0.061192 0.077333
0 21 0.423510 0.482667 0.020934 0.061333
0 9 0.186795 0.477333 0.034622 0.077333
0 7 0.219807 0.485333 0.033816 0.058667
0 98 0.812399 0.528000 0.077295 0.077333
0 25 0.251208 0.488000 0.031401 0.050667
0 23 0.442029 0.482667 0.015298 0.040000
0 34 0.454106 0.480000 0.045894 0.130667
0 41 0.114332 0.488000 0.056361 0.077333
0 42 0.890499 0.536000 0.066023 0.077333
0 21 0.421095 0.485333 0.022544 0.061333
0 9 0.176329 0.474667 0.039452 0.080000
0 7 0.214171 0.482667 0.035427 0.056000
0 98 0.822061 0.528000 0.079710 0.080000
0 25 0.256039 0.485333 0.024155 0.056000
0 23 0.441224 0.482667 0.016908 0.040000
0 34 0.454911 0.480000 0.045089 0.130667
0 41 0.103865 0.488000 0.057971 0.080000
0 42 0.902576 0.536000 0.069243 0.082667
0 21 0.418680 0.485333 0.024155 0.066667
0 9 0.165862 0.477333 0.045089 0.080000
0 7 0.210145 0.485333 0.033011 0.056000
0 98 0.833333 0.530667 0.082931 0.077333
0 25 0.246377 0.485333 0.030596 0.056000
0 23 0.441224 0.482667 0.016908 0.042667
0 34 0.457327 0.480000 0.043478 0.128000
0 41 0.092593 0.488000 0.058776 0.085333
0 42 0.916264 0.538667 0.069243 0.085333
0 21 0.415459 0.488000 0.024960 0.069333
0 9 0.154589 0.480000 0.049919 0.082667
0 7 0.200483 0.488000 0.041063 0.061333
0 98 0.850242 0.536000 0.079710 0.080000
0 25 0.239936 0.488000 0.033816 0.058667
0 23 0.439614 0.482667 0.018519 0.045333
0 34 0.458132 0.480000 0.042673 0.130667
0 41 0.081320 0.488000 0.056361 0.088000
0 42 0.930757 0.541333 0.069243 0.093333
0 21 0.412238 0.488000 0.026570 0.072000
0 9 0.140902 0.480000 0.056361 0.082667
0 7 0.197262 0.488000 0.039452 0.064000
0 98 0.855878 0.536000 0.086957 0.085333
0 25 0.235105 0.488000 0.033816 0.058667
0 23 0.438003 0.485333 0.019324 0.045333
0 34 0.458132 0.482667 0.043478 0.128000
0 41 0.067633 0.488000 0.055556 0.090667
0 42 0.943639 0.544000 0.056361 0.090667
0 21 0.407407 0.482667 0.028986 0.080000
0 9 0.132045 0.474667 0.057971 0.085333
0 7 0.190016 0.485333 0.041868 0.066667
0 98 0.866345 0.533333 0.086957 0.090667
0 25 0.229469 0.488000 0.038647 0.058667
0 23 0.437198 0.480000 0.020129 0.050667
0 34 0.458937 0.480000 0.043478 0.128000
0 41 0.053945 0.482667 0.079710 0.093333
0 42 0.955717 0.544000 0.044283 0.090667
0 21 0.402576 0.480000 0.031401 0.085333
0 9 0.125604 0.472000 0.057166 0.090667
0 7 0.181965 0.480000 0.044283 0.066667
0 98 0.880837 0.533333 0.093398 0.093333
0 25 0.223833 0.482667 0.037037 0.061333
0 23 0.435588 0.477333 0.020129 0.050667
0 34 0.459742 0.474667 0.042673 0.128000
0 41 0.037037 0.480000 0.053945 0.093333
0 42 0.979066 0.538667 0.020934 0.082667
0 21 0.396135 0.477333 0.034622 0.093333
0 9 0.109501 0.469333 0.064412 0.096000
0 7 0.173108 0.480000 0.045894 0.069333
0 98 0.895330 0.536000 0.086957 0.096000
0 25 0.219002 0.480000 0.037842 0.061333
0 23 0.433977 0.474667 0.020934 0.053333
0 22 0.451691 0.472000 0.011272 0.037333
0 34 0.459742 0.472000 0.043478 0.128000
0 41 0.020129 0.490667 0.087762 0.085333
0 21 0.389694 0.482667 0.037842 0.098667
0 9 0.097424 0.469333 0.069243 0.098667
0 7 0.165862 0.480000 0.046699 0.072000
0 98 0.910628 0.536000 0.089372 0.112000
0 25 0.213366 0.482667 0.039452 0.061333
0 23 0.431562 0.474667 0.023349 0.056000
0 22 0.450886 0.472000 0.012077 0.037333
0 34 0.460548 0.472000 0.042673 0.128000
0 41 0.000805 0.482667 0.093398 0.101333
0 21 0.380837 0.482667 0.041063 0.109333
0 9 0.085346 0.472000 0.069243 0.101333
0 7 0.161836 0.482667 0.041063 0.074667
0 98 0.927536 0.541333 0.072464 0.109333
0 25 0.207729 0.482667 0.040258 0.064000
0 23 0.429147 0.477333 0.024960 0.058667
0 22 0.450886 0.474667 0.012077 0.037333
0 34 0.460548 0.474667 0.043478 0.128000
0 41 0.011272 0.488000 0.069243 0.096000
0 21 0.371176 0.485333 0.045089 0.120000
0 9 0.071659 0.474667 0.074879 0.101333
0 7 0.145733 0.485333 0.054750 0.074667
0 98 0.946055 0.544000 0.053945 0.112000
0 25 0.199678 0.485333 0.043478 0.064000
0 23 0.426731 0.480000 0.026570 0.058667
0 22 0.450081 0.474667 0.012882 0.037333
0 34 0.462158 0.474667 0.041868 0.125333
0 41 0.028180 0.490667 0.037842 0.098667
0 21 0.358293 0.485333 0.050725 0.133333
0 9 0.056361 0.472000 0.080515 0.106667
0 7 0.135266 0.485333 0.057971 0.074667
0 98 0.966184 0.562667 0.033816 0.088000
0 25 0.193237 0.485333 0.044283 0.066667
0 23 0.423510 0.477333 0.027375 0.061333
0 22 0.449275 0.472000 0.013688 0.040000
0 34 0.462963 0.472000 0.041868 0.125333
0 41 0.000000 0.488000 0.048309 0.106667
0 21 0.342995 0.485333 0.057971 0.152000
0 9 0.041063 0.474667 0.086151 0.109333
0 7 0.123994 0.485333 0.061997 0.080000
0 98 0.988728 0.592000 0.011272 0.061333
0 25 0.185185 0.482667 0.046699 0.069333
0 23 0.421095 0.477333 0.028986 0.066667
0 22 0.448470 0.472000 0.014493 0.040000
0 34 0.462963 0.472000 0.042673 0.125333
0 41 0.000000 0.493333 0.030596 0.106667
0 21 0.322061 0.490667 0.068438 0.176000
0 9 0.022544 0.474667 0.090982 0.109333
0 7 0.112721 0.488000 0.064412 0.082667
0 25 0.177134 0.485333 0.048309 0.072000
0 23 0.417874 0.480000 0.030596 0.069333
0 22 0.446860 0.474667 0.015298 0.040000
0 34 0.464573 0.474667 0.041868 0.122667
0 41 0.000000 0.512000 0.008857 0.096000
0 21 0.293881 0.493333 0.082931 0.210667
0 9 0.004831 0.477333 0.095813 0.122667
0 7 0.100644 0.488000 0.067633 0.085333
0 25 0.169082 0.488000 0.049919 0.072000
0 23 0.413849 0.482667 0.032206 0.074667
0 22 0.446860 0.474667 0.015298 0.042667
0 34 0.465378 0.474667 0.041063 0.122667
0 21 0.252013 0.498667 0.106280 0.258667
0 9 0.002415 0.480000 0.082931 0.130667
0 7 0.086957 0.490667 0.071659 0.088000
0 25 0.158615 0.490667 0.053140 0.074667
0 23 0.409018 0.485333 0.035427 0.077333
0 22 0.445250 0.477333 0.016103 0.042667
0 34 0.465378 0.474667 0.041868 0.122667
0 21 0.186795 0.504000 0.143317 0.330667
0 9 0.000000 0.485333 0.068438 0.133333
0 7 0.070853 0.496000 0.077295 0.093333
0 25 0.149758 0.496000 0.055556 0.074667
0 23 0.403382 0.490667 0.037842 0.082667
0 22 0.444444 0.480000 0.016908 0.045333
0 34 0.466989 0.477333 0.041063 0.122667
0 21 0.065217 0.520000 0.223027 0.450667
0 9 0.000000 0.490667 0.051530 0.128000
0 7 0.056361 0.501333 0.082126 0.096000
0 25 0.138486 0.501333 0.055556 0.077333
0 23 0.396940 0.493333 0.041868 0.090667
0 22 0.443639 0.482667 0.017713 0.048000
0 34 0.467794 0.480000 0.040258 0.120000
0 21 0.000000 0.544000 0.215781 0.456000
0 9 0.000000 0.496000 0.032206 0.080000
0 7 0.041868 0.501333 0.082931 0.048000
0 25 0.132045 0.501333 0.055556 0.072000
0 23 0.388084 0.493333 0.045894 0.104000
0 22 0.442834 0.482667 0.017713 0.048000
0 24 0.458937 0.480000 0.010467 0.032000
0 34 0.468599 0.480000 0.040258 0.120000
0 21 0.000000 0.653333 0.058776 0.346667
0 7 0.020129 0.501333 0.094203 0.104000
0 25 0.114332 0.501333 0.065217 0.082667
0 23 0.378422 0.496000 0.050725 0.112000
0 22 0.441224 0.480000 0.018519 0.050667
0 24 0.458937 0.480000 0.011272 0.032000
0 34 0.470209 0.480000 0.038647 0.117333
0 7 0.000805 0.498667 0.097424 0.109333
0 25 0.100644 0.501333 0.069243 0.085333
0 23 0.364734 0.498667 0.057971 0.128000
0 22 0.439614 0.482667 0.020129 0.053333
0 24 0.457327 0.480000 0.012077 0.037333
0 34 0.470209 0.480000 0.039452 0.117333
0 7 0.000000 0.498667 0.082931 0.117333
0 25 0.085346 0.501333 0.073269 0.090667
0 23 0.348631 0.498667 0.066828 0.149333
0 22 0.438003 0.482667 0.020934 0.056000
0 24 0.456522 0.482667 0.012882 0.037333
0 34 0.471014 0.480000 0.038647 0.120000
0 7 0.000000 0.496000 0.065217 0.120000
0 25 0.069243 0.496000 0.078100 0.093333
0 23 0.326087 0.498667 0.081320 0.173333
0 22 0.435588 0.480000 0.022544 0.058667
0 24 0.455717 0.480000 0.013688 0.040000
0 34 0.471820 0.480000 0.038647 0.117333
0 7 0.000000 0.496000 0.046699 0.109333
0 25 0.050725 0.493333 0.083736 0.098667
0 23 0.294686 0.501333 0.099839 0.208000
0 22 0.433172 0.477333 0.023349 0.064000
0 24 0.454106 0.480000 0.014493 0.040000
0 34 0.472625 0.477333 0.037842 0.117333
0 7 0.000000 0.506667 0.024155 0.101333
0 25 0.030596 0.490667 0.089372 0.101333
0 23 0.247182 0.504000 0.130435 0.253333
0 22 0.429952 0.477333 0.024960 0.066667
0 24 0.453301 0.477333 0.013688 0.045333
0 34 0.472625 0.477333 0.037842 0.117333
0 25 0.008857 0.493333 0.095813 0.109333
0 23 0.167472 0.512000 0.185990 0.333333
0 22 0.426731 0.480000 0.026570 0.069333
0 24 0.451691 0.482667 0.014493 0.045333
0 34 0.472625 0.480000 0.037842 0.114667
0 25 0.000000 0.496000 0.087762 0.114667
0 23 0.012077 0.525333 0.305153 0.474667
0 22 0.422705 0.482667 0.028180 0.072000
0 24 0.450081 0.482667 0.014493 0.048000
0 34 0.472625 0.480000 0.037842 0.114667
0 25 0.000000 0.498667 0.067633 0.096000
0 23 0.000000 0.552000 0.256039 0.448000
0 22 0.418680 0.480000 0.030596 0.080000
0 24 0.446860 0.482667 0.016908 0.048000
0 34 0.473430 0.480000 0.037037 0.114667
0 25 0.000000 0.496000 0.047504 0.112000
0 23 0.000000 0.730667 0.123188 0.269333
0 22 0.413043 0.477333 0.033011 0.082667
0 24 0.444444 0.477333 0.017713 0.053333
0 34 0.473430 0.474667 0.037037 0.114667
0 25 0.000000 0.504000 0.024155 0.114667
0 22 0.407407 0.474667 0.036232 0.090667
0 24 0.442029 0.480000 0.018519 0.050667
0 34 0.473430 0.472000 0.037037 0.114667
0 22 0.400161 0.474667 0.039452 0.101333
0 24 0.440419 0.477333 0.019324 0.056000
0 29 0.455717 0.480000 0.011272 0.034667
0 34 0.473430 0.472000 0.037037 0.112000
0 22 0.392110 0.477333 0.044283 0.109333
0 24 0.437198 0.480000 0.020934 0.058667
0 29 0.454911 0.480000 0.011272 0.037333
0 34 0.473430 0.472000 0.037037 0.112000
0 22 0.380837 0.474667 0.049919 0.120000
0 24 0.433977 0.474667 0.022544 0.064000
0 29 0.454106 0.474667 0.012077 0.040000
0 34 0.473430 0.469333 0.037037 0.112000
0 22 0.368760 0.469333 0.056361 0.138667
0 24 0.430757 0.472000 0.024155 0.066667
0 29 0.452496 0.472000 0.012882 0.040000
0 34 0.473430 0.464000 0.037037 0.112000
0 22 0.351852 0.472000 0.065217 0.160000
0 24 0.426731 0.474667 0.025765 0.072000
0 29 0.451691 0.474667 0.012882 0.042667
0 34 0.473430 0.466667 0.037037 0.112000
0 22 0.329308 0.480000 0.078100 0.184000
0 24 0.422705 0.480000 0.028180 0.077333
0 29 0.450081 0.480000 0.014493 0.048000
0 35 0.326087 0.472000 0.017713 0.045333
0 34 0.474235 0.474667 0.036232 0.109333
0 22 0.297907 0.485333 0.095813 0.218667
0 24 0.417069 0.485333 0.030596 0.082667
0 29 0.447665 0.485333 0.016103 0.048000
0 35 0.327697 0.474667 0.015298 0.010667
0 34 0.474235 0.480000 0.036232 0.109333
0 22 0.250403 0.488000 0.124799 0.274667
0 24 0.410628 0.485333 0.033011 0.090667
0 29 0.445250 0.488000 0.017713 0.048000
0 35 0.323671 0.477333 0.016103 0.013333
0 34 0.474235 0.480000 0.035427 0.106667
0 22 0.172303 0.488000 0.176329 0.349333
0 24 0.404187 0.482667 0.037037 0.098667
0 29 0.442834 0.482667 0.019324 0.050667
0 35 0.322061 0.472000 0.016908 0.048000
0 34 0.473430 0.474667 0.036232 0.109333
0 22 0.014493 0.485333 0.289855 0.514667
0 24 0.395330 0.477333 0.041063 0.109333
0 29 0.441224 0.480000 0.019324 0.053333
0 35 0.319646 0.466667 0.017713 0.053333
0 34 0.474235 0.472000 0.035427 0.109333
0 22 0.000000 0.501333 0.222222 0.498667
0 24 0.384863 0.480000 0.046699 0.120000
0 29 0.438808 0.480000 0.020934 0.056000
0 35 0.313205 0.466667 0.021739 0.053333
0 34 0.473430 0.472000 0.036232 0.109333
0 24 0.371981 0.480000 0.053140 0.136000
0 29 0.436393 0.482667 0.022544 0.056000
0 31 0.458937 0.480000 0.012882 0.034667
0 35 0.309179 0.466667 0.023349 0.056000
0 34 0.474235 0.472000 0.034622 0.109333
0 24 0.355072 0.482667 0.061192 0.157333
0 29 0.433977 0.482667 0.023349 0.064000
0 31 0.457327 0.480000 0.014493 0.037333
0 35 0.305958 0.469333 0.024155 0.056000
0 34 0.474235 0.474667 0.034622 0.106667
0 24 0.331723 0.482667 0.074074 0.189333
0 29 0.430757 0.485333 0.024960 0.066667
0 31 0.455717 0.482667 0.015298 0.037333
0 35 0.301127 0.466667 0.024960 0.058667
0 34 0.474235 0.474667 0.034622 0.106667
0 24 0.297907 0.488000 0.093398 0.226667
0 29 0.426731 0.488000 0.027375 0.069333
0 31 0.454911 0.482667 0.016103 0.040000
0 35 0.297907 0.469333 0.026570 0.061333
0 34 0.473430 0.477333 0.036232 0.106667
0 24 0.246377 0.496000 0.124799 0.282667
0 29 0.422705 0.493333 0.029791 0.074667
0 31 0.454106 0.488000 0.016103 0.040000
0 35 0.294686 0.474667 0.025765 0.032000
0 34 0.474235 0.482667 0.035427 0.104000
0 24 0.153784 0.504000 0.186795 0.381333
0 29 0.417874 0.496000 0.032206 0.082667
0 31 0.452496 0.490667 0.016908 0.042667
0 35 0.292271 0.480000 0.024155 0.037333
0 34 0.474235 0.488000 0.035427 0.104000
0 24 0.000000 0.512000 0.287440 0.488000
0 29 0.413043 0.496000 0.035427 0.088000
0 31 0.451691 0.488000 0.016908 0.048000
0 35 0.286634 0.477333 0.027375 0.064000
0 34 0.474235 0.482667 0.035427 0.109333
0 24 0.000000 0.544000 0.177134 0.456000
0 29 0.405797 0.498667 0.039452 0.096000
0 31 0.450081 0.485333 0.018519 0.050667
0 35 0.281804 0.477333 0.028180 0.064000
0 34 0.475040 0.482667 0.034622 0.106667
0 29 0.397746 0.493333 0.042673 0.109333
0 31 0.448470 0.482667 0.018519 0.050667
0 35 0.277778 0.474667 0.028986 0.064000
0 34 0.475040 0.480000 0.034622 0.104000
0 29 0.387279 0.496000 0.048309 0.120000
0 31 0.446055 0.482667 0.020129 0.053333
0 35 0.272947 0.474667 0.030596 0.066667
0 34 0.475040 0.480000 0.034622 0.104000
0 29 0.375201 0.496000 0.054750 0.136000
0 31 0.444444 0.480000 0.020934 0.056000
0 35 0.267311 0.472000 0.031401 0.069333
0 34 0.475040 0.477333 0.034622 0.104000
0 29 0.358293 0.498667 0.063607 0.157333
0 31 0.442834 0.477333 0.021739 0.058667
0 35 0.261675 0.469333 0.033011 0.069333
0 34 0.475845 0.477333 0.034622 0.101333
0 29 0.334944 0.501333 0.078100 0.184000
0 31 0.439614 0.477333 0.023349 0.061333
0 35 0.255233 0.469333 0.034622 0.069333
0 34 0.475845 0.474667 0.034622 0.104000
0 29 0.301127 0.506667 0.097424 0.226667
0 31 0.436393 0.480000 0.024960 0.061333
0 35 0.248792 0.469333 0.035427 0.072000
0 34 0.475040 0.477333 0.033816 0.101333
0 29 0.246377 0.517333 0.132045 0.285333
0 31 0.431562 0.480000 0.026570 0.066667
0 35 0.241546 0.472000 0.036232 0.072000
0 34 0.474235 0.477333 0.034622 0.101333
0 29 0.148148 0.528000 0.198873 0.392000
0 31 0.427536 0.480000 0.028180 0.072000
0 35 0.231884 0.469333 0.038647 0.072000
0 34 0.474235 0.474667 0.033816 0.101333
0 29 0.000000 0.552000 0.293076 0.448000
0 31 0.421900 0.480000 0.030596 0.074667
0 35 0.224638 0.466667 0.039452 0.080000
0 34 0.474235 0.474667 0.033011 0.104000
0 29 0.000000 0.618667 0.175523 0.381333
0 31 0.416264 0.485333 0.033011 0.082667
0 35 0.214171 0.469333 0.041868 0.080000
0 34 0.472625 0.480000 0.033816 0.101333
0 31 0.408213 0.485333 0.037037 0.090667
0 35 0.204509 0.472000 0.043478 0.082667
0 34 0.471820 0.480000 0.033816 0.101333
0 31 0.400161 0.480000 0.040258 0.098667
0 35 0.194042 0.466667 0.045894 0.085333
0 34 0.471820 0.474667 0.033816 0.101333
0 31 0.389694 0.480000 0.045089 0.112000
0 35 0.181965 0.466667 0.049114 0.085333
0 34 0.471014 0.472000 0.033816 0.101333
0 31 0.376812 0.480000 0.051530 0.128000
0 35 0.170692 0.466667 0.050725 0.093333
0 34 0.471014 0.474667 0.032206 0.098667
0 31 0.361514 0.482667 0.058776 0.146667
0 35 0.157810 0.466667 0.053140 0.098667
0 34 0.470209 0.474667 0.033011 0.101333
0 31 0.340580 0.482667 0.070048 0.170667
0 35 0.143317 0.469333 0.056361 0.098667
0 34 0.470209 0.474667 0.032206 0.098667
0 31 0.312399 0.482667 0.086151 0.205333
0 35 0.128824 0.466667 0.060386 0.104000
0 38 0.326892 0.480000 0.016908 0.040000
0 34 0.470209 0.474667 0.032206 0.098667
0 31 0.270531 0.488000 0.111916 0.253333
0 35 0.112721 0.469333 0.065217 0.106667
0 38 0.326087 0.480000 0.014493 0.013333
0 34 0.470209 0.474667 0.032206 0.098667
0 31 0.201288 0.496000 0.156200 0.322667
0 35 0.094203 0.472000 0.070853 0.112000
0 37 0.456522 0.480000 0.011272 0.037333
0 38 0.321256 0.482667 0.019324 0.037333
0 34 0.470209 0.474667 0.031401 0.098667
0 31 0.066828 0.504000 0.249597 0.466667
0 35 0.074074 0.472000 0.075684 0.120000
0 37 0.454911 0.477333 0.012882 0.042667
0 38 0.318035 0.482667 0.020129 0.042667
0 34 0.470209 0.474667 0.031401 0.098667
0 31 0.000000 0.530667 0.245572 0.469333
0 35 0.054750 0.474667 0.078100 0.064000
0 37 0.453301 0.480000 0.013688 0.042667
0 38 0.314010 0.482667 0.020934 0.042667
0 34 0.470209 0.474667 0.031401 0.098667
0 31 0.000000 0.685333 0.062802 0.314667
0 35 0.026570 0.474667 0.090177 0.130667
0 37 0.450886 0.480000 0.015298 0.042667
0 38 0.310789 0.482667 0.020934 0.042667
0 34 0.470209 0.474667 0.031401 0.098667
0 35 0.000000 0.469333 0.095813 0.144000
0 37 0.448470 0.477333 0.016103 0.048000
0 38 0.306763 0.482667 0.021739 0.045333
0 34 0.469404 0.477333 0.032206 0.096000
0 35 0.000000 0.472000 0.075684 0.149333
0 37 0.446860 0.477333 0.016103 0.045333
0 38 0.301932 0.480000 0.024155 0.045333
0 34 0.470209 0.474667 0.031401 0.096000
0 35 0.000000 0.469333 0.050725 0.146667
0 37 0.443639 0.477333 0.018519 0.050667
0 38 0.297907 0.482667 0.024155 0.045333
0 34 0.469404 0.474667 0.032206 0.096000
0 35 0.000000 0.480000 0.024155 0.152000
0 37 0.441224 0.485333 0.019324 0.050667
0 38 0.292271 0.485333 0.024960 0.048000
0 34 0.469404 0.480000 0.032206 0.096000
0 37 0.439614 0.485333 0.019324 0.056000
0 38 0.288245 0.490667 0.025765 0.048000
0 34 0.469404 0.482667 0.031401 0.096000
0 37 0.436393 0.485333 0.021739 0.056000
0 38 0.282609 0.490667 0.026570 0.050667
0 34 0.469404 0.480000 0.031401 0.096000
0 37 0.434783 0.482667 0.021739 0.058667
0 38 0.276973 0.490667 0.021739 0.050667
0 34 0.470209 0.480000 0.030596 0.096000
0 37 0.431562 0.482667 0.024155 0.064000
0 34 0.469404 0.477333 0.031401 0.096000
0 37 0.427536 0.480000 0.026570 0.066667
0 34 0.470209 0.477333 0.030596 0.096000
0 37 0.424316 0.482667 0.027375 0.069333
0 26 0.446055 0.482667 0.012882 0.045333
0 34 0.470209 0.477333 0.030596 0.096000
0 37 0.420290 0.482667 0.028986 0.074667
0 26 0.443639 0.482667 0.014493 0.048000
0 34 0.470209 0.477333 0.030596 0.096000
0 37 0.415459 0.488000 0.032206 0.077333
0 26 0.441224 0.485333 0.015298 0.050667
0 30 0.450886 0.480000 0.014493 0.040000
0 34 0.470209 0.480000 0.030596 0.096000
0 37 0.409823 0.488000 0.035427 0.085333
0 38 0.238325 0.493333 0.033816 0.064000
0 26 0.438003 0.485333 0.017713 0.050667
0 27 0.305153 0.488000 0.022544 0.042667
0 30 0.450081 0.477333 0.014493 0.042667
0 34 0.470209 0.477333 0.030596 0.096000
0 37 0.403382 0.477333 0.038647 0.093333
0 38 0.229469 0.485333 0.036232 0.064000
0 26 0.436393 0.474667 0.017713 0.056000
0 27 0.301127 0.480000 0.023349 0.042667
0 30 0.449275 0.466667 0.014493 0.045333
0 34 0.471014 0.466667 0.030596 0.096000
0 37 0.396135 0.477333 0.041868 0.098667
0 38 0.220612 0.482667 0.037842 0.064000
0 26 0.433172 0.472000 0.020129 0.056000
0 27 0.297101 0.474667 0.024155 0.045333
0 32 0.317230 0.474667 0.019324 0.034667
0 30 0.447665 0.461333 0.015298 0.048000
0 34 0.471014 0.464000 0.031401 0.093333
0 37 0.386473 0.485333 0.046699 0.109333
0 38 0.210950 0.488000 0.040258 0.066667
0 26 0.429147 0.480000 0.022544 0.061333
0 27 0.292271 0.482667 0.024960 0.045333
0 32 0.313205 0.482667 0.020934 0.034667
0 30 0.446055 0.469333 0.016103 0.050667
0 34 0.471014 0.472000 0.031401 0.093333
0 37 0.374396 0.488000 0.053140 0.125333
0 38 0.200483 0.490667 0.041868 0.069333
0 26 0.425926 0.482667 0.023349 0.066667
0 27 0.287440 0.485333 0.024960 0.045333
0 32 0.309179 0.482667 0.020934 0.040000
0 30 0.444444 0.474667 0.016103 0.050667
0 34 0.471014 0.474667 0.032206 0.096000
0 37 0.359098 0.485333 0.061192 0.144000
0 38 0.190016 0.482667 0.043478 0.074667
0 26 0.419485 0.480000 0.028180 0.069333
0 27 0.282609 0.477333 0.026570 0.048000
0 32 0.304348 0.477333 0.021739 0.040000
0 30 0.442029 0.469333 0.017713 0.053333
0 34 0.471820 0.472000 0.031401 0.096000
0 37 0.338164 0.485333 0.073269 0.165333
0 38 0.177939 0.480000 0.046699 0.074667
0 26 0.413849 0.477333 0.030596 0.074667
0 27 0.276973 0.472000 0.027375 0.050667
0 32 0.300322 0.472000 0.022544 0.042667
0 30 0.439614 0.464000 0.019324 0.056000
0 34 0.471820 0.466667 0.030596 0.096000
0 37 0.310789 0.485333 0.088567 0.194667
0 38 0.164251 0.474667 0.049114 0.077333
0 26 0.407407 0.472000 0.033816 0.080000
0 27 0.270531 0.469333 0.028986 0.050667
0 32 0.294686 0.469333 0.023349 0.040000
0 33 0.454911 0.469333 0.012077 0.034667
0 30 0.437198 0.461333 0.019324 0.056000
0 34 0.471014 0.464000 0.031401 0.096000
0 37 0.268116 0.485333 0.115137 0.248000
0 38 0.148953 0.477333 0.053140 0.080000
0 26 0.400161 0.474667 0.037037 0.088000
0 27 0.263285 0.472000 0.029791 0.050667
0 32 0.290660 0.472000 0.020129 0.042667
0 33 0.453301 0.469333 0.012077 0.040000
0 30 0.433172 0.464000 0.021739 0.058667
0 34 0.470209 0.466667 0.031401 0.093333
0 37 0.199678 0.493333 0.161031 0.312000
0 38 0.132850 0.477333 0.056361 0.085333
0 26 0.391304 0.474667 0.041063 0.098667
0 27 0.256844 0.474667 0.015298 0.040000
0 33 0.450886 0.472000 0.012882 0.040000
0 30 0.429952 0.464000 0.023349 0.064000
0 34 0.470209 0.466667 0.031401 0.096000
0 37 0.066828 0.498667 0.258454 0.453333
0 38 0.115137 0.480000 0.061192 0.090667
0 26 0.380837 0.477333 0.045894 0.109333
0 32 0.277778 0.474667 0.025765 0.040000
0 33 0.449275 0.472000 0.013688 0.042667
0 30 0.425926 0.464000 0.024960 0.069333
0 34 0.469404 0.466667 0.032206 0.098667
0 37 0.000000 0.522667 0.267311 0.477333
0 26 0.368760 0.480000 0.052335 0.122667
0 27 0.241546 0.474667 0.033816 0.058667
0 32 0.272142 0.474667 0.027375 0.048000
0 33 0.446860 0.474667 0.015298 0.042667
0 30 0.421900 0.464000 0.026570 0.074667
0 34 0.469404 0.466667 0.032206 0.098667
0 37 0.000000 0.589333 0.140902 0.410667
0 38 0.076490 0.482667 0.069243 0.098667
0 26 0.354267 0.482667 0.059581 0.138667
0 27 0.233494 0.474667 0.034622 0.061333
0 32 0.265700 0.474667 0.028180 0.050667
0 33 0.445250 0.472000 0.016103 0.045333
0 30 0.417069 0.464000 0.028986 0.080000
0 34 0.470209 0.466667 0.031401 0.098667
0 38 0.053945 0.485333 0.075684 0.104000
0 26 0.334138 0.482667 0.070853 0.162667
0 27 0.226248 0.477333 0.036232 0.061333
0 32 0.259259 0.474667 0.030596 0.050667
0 33 0.442834 0.472000 0.018519 0.048000
0 30 0.411433 0.461333 0.031401 0.085333
0 34 0.471014 0.466667 0.030596 0.096000
0 38 0.028180 0.485333 0.082931 0.109333
0 26 0.308374 0.488000 0.085346 0.192000
0 27 0.217391 0.477333 0.038647 0.064000
0 32 0.252013 0.472000 0.032206 0.056000
0 33 0.440419 0.472000 0.020129 0.050667
0 30 0.407407 0.464000 0.033816 0.090667
0 34 0.471014 0.466667 0.031401 0.098667
0 38 0.001610 0.488000 0.088567 0.117333
0 26 0.269726 0.493333 0.108696 0.226667
0 27 0.208535 0.477333 0.039452 0.066667
0 32 0.246377 0.474667 0.033011 0.056000
0 33 0.438808 0.472000 0.020934 0.056000
0 30 0.400966 0.461333 0.038647 0.104000
0 34 0.471014 0.466667 0.031401 0.096000
0 38 0.000000 0.493333 0.067633 0.125333
0 26 0.210145 0.493333 0.146538 0.285333
0 27 0.198068 0.477333 0.041868 0.069333
0 32 0.238325 0.474667 0.034622 0.058667
0 33 0.437198 0.472000 0.021739 0.058667
0 30 0.393720 0.464000 0.041063 0.112000
0 34 0.471014 0.469333 0.033011 0.096000
0 38 0.000000 0.496000 0.041868 0.114667
0 26 0.103865 0.501333 0.222222 0.397333
0 27 0.185990 0.474667 0.044283 0.069333
0 32 0.227858 0.477333 0.038647 0.040000
0 33 0.433977 0.474667 0.024155 0.058667
0 30 0.384058 0.464000 0.046699 0.122667
0 34 0.471014 0.466667 0.033011 0.098667
0 26 0.000000 0.514667 0.274557 0.485333
0 27 0.175523 0.477333 0.044283 0.056000
0 32 0.219002 0.477333 0.041063 0.058667
0 33 0.429952 0.474667 0.025765 0.061333
0 30 0.372786 0.464000 0.053140 0.141333
0 34 0.472625 0.469333 0.031401 0.096000
0 26 0.000000 0.546667 0.169887 0.453333
0 27 0.161836 0.480000 0.049919 0.074667
0 32 0.209340 0.477333 0.042673 0.066667
0 33 0.426731 0.477333 0.027375 0.064000
0 30 0.358293 0.461333 0.060386 0.160000
0 34 0.472625 0.469333 0.032206 0.096000
0 27 0.147343 0.480000 0.053140 0.080000
0 32 0.196457 0.474667 0.046699 0.069333
0 33 0.422705 0.477333 0.029791 0.069333
0 30 0.338164 0.458667 0.071659 0.189333
0 34 0.471820 0.469333 0.033011 0.096000
0 27 0.131240 0.480000 0.057166 0.082667
0 32 0.185990 0.477333 0.049114 0.072000
0 33 0.417874 0.477333 0.032206 0.074667
0 30 0.311594 0.453333 0.086151 0.226667
0 34 0.471820 0.469333 0.033011 0.096000
0 27 0.113527 0.480000 0.061997 0.088000
0 32 0.172303 0.477333 0.052335 0.074667
0 33 0.412238 0.477333 0.034622 0.080000
0 30 0.270531 0.450667 0.112721 0.274667
0 34 0.471820 0.469333 0.033816 0.096000
0 27 0.094203 0.482667 0.066828 0.090667
0 32 0.157810 0.480000 0.056361 0.077333
0 33 0.406602 0.480000 0.036232 0.085333
0 30 0.207729 0.448000 0.153784 0.349333
0 34 0.472625 0.469333 0.032206 0.096000
0 27 0.073269 0.485333 0.070853 0.096000
0 32 0.140097 0.482667 0.041868 0.074667
0 33 0.398551 0.482667 0.041063 0.093333
0 30 0.086957 0.440000 0.239936 0.480000
0 34 0.473430 0.469333 0.032206 0.098667
0 33 0.389694 0.482667 0.045089 0.109333
0 30 0.000000 0.434667 0.269726 0.565333
0 34 0.473430 0.469333 0.033011 0.098667
0 32 0.115942 0.482667 0.061997 0.093333
0 33 0.378422 0.485333 0.050725 0.117333
0 30 0.000000 0.410667 0.144122 0.589333
0 34 0.473430 0.469333 0.033011 0.098667
0 27 0.000000 0.488000 0.084541 0.114667
0 32 0.081320 0.482667 0.081320 0.098667
0 33 0.364734 0.485333 0.057166 0.133333
0 34 0.473430 0.469333 0.033816 0.098667
0 27 0.000000 0.493333 0.060386 0.122667
0 32 0.058776 0.485333 0.084541 0.101333
0 33 0.347021 0.488000 0.066828 0.154667
0 34 0.473430 0.472000 0.033816 0.096000
0 27 0.000000 0.501333 0.030596 0.104000
0 32 0.031401 0.485333 0.087762 0.106667
0 33 0.322061 0.493333 0.081320 0.176000
0 34 0.473430 0.469333 0.033816 0.098667
0 32 0.000000 0.485333 0.112721 0.112000
0 33 0.287440 0.496000 0.102254 0.216000
0 34 0.474235 0.469333 0.033011 0.098667
0 32 0.000000 0.482667 0.090982 0.120000
0 33 0.235105 0.498667 0.134461 0.272000
0 34 0.474235 0.466667 0.033816 0.101333
0 32 0.000000 0.485333 0.066828 0.112000
0 33 0.144122 0.504000 0.197262 0.362667
0 34 0.475040 0.466667 0.033011 0.098667
0 32 0.004026 0.480000 0.034622 0.120000
0 33 0.000000 0.517333 0.298712 0.482667
0 34 0.475040 0.466667 0.033011 0.098667
0 33 0.000000 0.546667 0.214976 0.453333
0 34 0.474235 0.464000 0.034622 0.101333
0 34 0.474235 0.464000 0.034622 0.101333
0 34 0.475040 0.466667 0.033816 0.101333
0 34 0.475845 0.469333 0.033816 0.101333
0 34 0.475040 0.469333 0.034622 0.104000
0 34 0.474235 0.466667 0.035427 0.104000
